44 44 44 44 44 44 44 44 44 44 44 44 44 44 44 44 44 44 44 44 44 44 44 44 44 44 44 44 44 44 44 44 44 44 44 44 44 44 44 44 44 44 44 44 44 44 44 44 44 44 
44 44 44 44 44 44 44 44 44 44 44 44 44 44 44 44 44 44 44 44 44 44 44 44 44 35 42 13 42 41 41 42 41 42 41 41 41 41 42 41 40 44 44 44 44 44 44 44 44 44 
44 44 44 44 44 35 41 42 24 25 42 42 41 41 24 25 44 44 44 44 44 44 44 44 35 13 6 6 6 6 6 6 6 6 6 6 6 24 25 6 24 25 41 40 44 44 44 44 44 44 
44 44 44 35 41 6 6 6 22 23 6 24 25 6 22 23 42 41 40 44 44 35 41 42 6 6 6 6 6 6 6 6 6 6 6 6 6 22 23 6 22 23 6 6 43 40 44 44 44 44 
44 44 35 6 6 24 25 6 6 6 6 22 23 6 6 6 6 6 6 41 42 24 25 6 6 6 6 6 6 6 6 6 6 6 6 13 6 6 6 6 6 6 24 25 6 36 44 44 44 44 
44 35 6 6 6 22 23 6 6 6 6 6 6 24 25 6 6 6 24 25 6 22 23 6 6 6 6 6 6 6 6 6 22 6 6 6 6 24 25 6 6 6 22 23 6 6 40 44 44 44 
44 33 6 6 6 6 6 6 6 6 6 6 6 22 23 6 6 6 22 23 6 6 6 6 6 6 6 14 16 16 17 6 6 6 6 6 6 22 23 6 24 25 6 6 24 25 6 40 44 44 
44 31 24 25 6 6 6 6 24 25 6 24 25 6 6 6 6 6 6 6 6 24 25 6 6 6 6 13 39 44 34 27 6 9 6 6 6 6 6 6 22 23 6 6 22 23 6 37 44 44 
44 32 22 23 6 6 6 6 22 23 6 22 23 6 6 24 25 6 6 13 13 22 23 6 6 6 6 39 44 44 44 44 34 27 6 27 6 6 6 6 6 6 6 13 6 6 6 6 44 44 
44 31 6 6 24 25 6 6 6 6 6 6 6 6 6 22 23 24 25 6 13 13 6 6 6 6 38 44 44 44 44 44 44 44 44 44 34 27 27 9 6 6 6 6 6 6 6 6 40 44 
44 28 6 6 22 23 6 6 6 6 24 25 6 6 6 6 6 22 23 24 25 13 6 6 6 6 37 44 44 44 44 44 44 44 44 44 44 44 44 34 6 6 6 6 6 6 6 6 38 44 
44 32 6 6 6 6 6 6 6 6 22 23 18 6 24 25 6 6 6 22 23 6 6 6 6 6 6 40 44 44 44 44 44 44 44 44 44 44 44 44 28 6 6 6 14 14 6 6 36 44 
44 34 6 6 6 6 6 6 6 6 6 6 18 6 22 23 6 6 6 6 6 6 6 6 6 6 6 38 44 44 44 44 44 44 9 44 44 44 35 41 6 6 6 6 18 6 6 6 38 44 
44 44 28 6 6 6 24 25 14 16 16 16 17 6 6 6 24 6 6 6 24 25 6 6 6 6 6 6 41 40 44 44 44 35 6 41 41 41 6 6 6 6 6 6 18 6 6 6 38 44 
44 44 32 6 6 6 22 23 18 24 25 6 24 25 6 6 22 23 6 6 22 23 6 6 6 6 6 6 6 24 25 43 41 6 6 6 6 6 6 6 6 6 6 14 17 6 6 6 36 44 
44 44 30 6 6 6 6 6 18 22 23 6 22 23 6 6 6 6 6 6 6 6 6 6 6 6 6 6 6 22 23 6 6 6 6 6 6 6 16 16 16 16 16 17 6 13 6 6 36 44 
44 44 34 6 6 6 6 6 18 6 6 6 6 6 6 6 6 6 6 6 6 6 6 6 6 6 6 6 6 6 6 6 6 6 6 6 6 6 6 6 6 6 6 6 6 6 6 6 38 44 
44 44 44 28 6 6 15 16 17 6 6 6 6 6 6 6 6 6 6 6 6 6 6 6 6 6 6 6 6 6 6 6 6 6 6 6 6 6 6 6 6 6 6 6 6 6 6 6 39 44 
44 44 44 32 6 6 6 6 6 6 6 6 6 6 15 16 16 16 16 16 17 6 6 6 6 6 6 6 6 6 6 6 6 6 6 6 24 25 6 6 6 6 6 6 6 6 6 36 44 44 
44 44 44 28 6 6 6 6 6 6 6 6 6 6 6 6 6 6 6 6 6 6 6 6 6 6 6 5 7 7 7 7 7 7 7 8 6 23 6 6 6 6 6 6 6 6 6 39 44 44 
44 44 44 28 6 6 6 6 6 6 6 6 6 6 6 6 6 6 6 6 6 6 6 6 6 6 6 6 6 6 6 6 6 6 6 6 6 6 6 6 6 6 6 6 6 6 36 44 44 44 
44 44 35 6 6 6 6 6 6 6 6 6 6 6 6 6 5 7 7 7 7 8 6 6 6 6 6 6 6 6 6 6 6 6 6 6 6 6 6 6 6 6 6 6 6 6 37 44 44 44 
44 35 6 6 6 6 6 6 6 6 6 6 6 6 6 6 6 6 6 6 6 6 6 6 6 9 6 6 6 6 6 6 6 6 6 6 6 6 6 6 6 6 6 6 6 6 36 44 44 44 
44 32 6 6 9 9 6 6 9 6 6 6 6 6 6 6 6 6 6 6 6 6 9 6 6 6 6 6 9 6 6 5 7 7 7 8 6 6 6 6 6 6 6 6 6 6 36 44 44 44 
44 28 6 6 6 9 9 6 9 6 6 24 25 6 6 6 6 6 6 6 6 6 6 6 9 6 9 6 6 6 6 6 6 6 6 6 6 6 6 6 9 6 6 6 9 6 6 40 44 44 
44 28 6 6 6 6 6 6 6 6 6 22 23 6 6 6 6 6 6 6 9 6 9 6 6 6 6 6 9 6 9 6 6 6 6 6 6 6 6 6 6 6 6 6 6 6 6 37 44 44 
44 33 6 6 9 6 6 9 6 6 6 6 6 6 6 6 6 6 6 6 6 6 6 6 9 6 9 6 6 6 6 6 6 6 6 6 6 6 6 6 6 6 6 6 6 6 6 36 44 44 
44 28 6 6 6 9 6 6 6 6 6 6 6 6 6 6 6 6 6 6 6 6 9 6 6 6 6 6 9 6 6 6 6 6 6 6 6 6 15 16 16 16 16 16 16 17 6 36 44 44 
44 32 6 6 6 6 6 2 3 4 6 6 6 6 6 6 6 6 5 7 8 6 6 6 6 9 6 6 6 6 6 6 6 6 6 9 6 6 6 6 6 6 6 6 6 6 6 6 40 44 
44 34 6 6 6 6 6 0 9 1 6 6 6 6 6 6 6 6 6 6 6 6 6 6 6 6 6 6 6 6 22 23 6 6 6 6 6 6 6 6 6 6 9 6 6 6 6 6 36 44 
44 44 30 6 6 6 6 19 20 21 6 6 6 6 6 6 6 6 6 6 6 6 6 6 6 6 6 6 6 6 6 6 6 6 6 6 6 6 6 6 6 6 6 6 6 6 6 6 38 44 
44 44 32 6 6 6 6 6 6 6 6 6 6 6 6 24 25 6 6 6 6 6 6 6 6 6 6 6 6 6 6 6 6 6 6 6 6 6 6 6 6 6 6 6 13 13 13 6 39 44 
44 44 28 6 6 13 6 6 6 6 6 6 6 6 6 22 23 6 6 6 6 6 6 6 6 6 6 2 3 3 3 3 3 3 3 3 3 3 4 6 6 6 6 6 6 6 6 36 44 44 
44 44 34 6 6 6 6 6 6 6 6 6 6 6 6 6 6 6 6 6 6 6 6 6 6 6 6 19 20 20 20 20 20 20 20 20 20 20 21 6 6 6 6 6 6 6 6 37 44 44 
44 44 44 28 6 6 6 6 6 6 6 6 6 6 6 6 6 6 6 9 6 6 6 6 6 6 6 6 6 6 6 6 6 6 6 6 6 6 6 6 6 6 6 6 9 6 6 6 40 44 
44 44 44 33 6 6 6 6 6 6 6 6 6 6 6 6 6 6 6 6 6 9 6 9 6 6 6 6 6 6 6 6 6 6 6 6 6 6 6 6 6 6 6 6 6 6 6 6 38 44 
44 44 35 6 13 13 13 6 6 6 6 6 6 6 6 6 6 6 6 6 6 6 6 6 6 6 6 6 6 6 6 6 6 24 25 6 6 6 6 6 6 6 6 6 6 6 6 6 9 44 
44 44 34 6 6 6 6 13 6 6 9 6 6 6 6 6 6 6 6 6 6 6 6 6 6 6 6 6 6 6 6 6 6 22 23 6 6 6 6 6 14 17 6 6 24 25 6 6 39 44 
44 44 44 28 6 6 6 26 26 26 6 6 6 6 6 6 5 7 7 7 7 7 7 8 6 6 6 6 6 6 6 6 6 6 6 6 6 6 6 6 18 6 6 6 22 23 6 38 44 44 
44 44 44 33 6 26 39 44 44 44 34 6 6 6 6 6 6 6 6 6 6 6 6 6 6 6 6 6 6 6 6 6 6 6 6 6 6 6 14 16 17 6 6 6 6 6 6 38 44 44 
44 44 44 34 39 44 44 44 44 44 44 44 34 6 6 6 6 6 6 24 25 6 6 6 6 6 6 6 14 16 16 16 16 16 16 16 16 16 17 6 6 6 6 6 6 6 6 36 44 44 
44 44 44 44 44 44 44 44 44 44 44 44 44 6 6 6 6 6 6 22 23 6 6 6 6 6 6 14 17 6 6 6 6 6 6 6 6 6 6 6 6 6 6 6 6 9 6 36 44 44 
44 44 44 44 44 44 44 44 44 44 44 44 44 34 6 6 6 6 6 6 6 6 6 6 15 16 16 17 6 6 6 6 6 6 6 6 6 6 6 6 14 17 6 6 6 6 6 39 44 44 
44 44 44 44 44 35 41 41 40 44 44 44 44 44 33 6 6 6 6 6 6 6 6 6 6 6 6 6 6 6 6 6 6 6 6 6 6 6 6 6 18 6 29 27 27 26 39 44 44 44 
44 44 44 44 35 6 9 6 6 40 44 44 44 44 28 6 6 6 6 6 6 6 6 6 6 6 6 6 6 6 6 6 6 6 6 6 6 6 14 16 17 39 44 44 44 44 44 44 44 44 
44 44 44 44 32 6 6 6 6 6 37 44 44 44 34 6 6 6 6 9 6 6 6 6 6 6 6 6 14 16 16 16 16 16 16 16 16 16 17 6 39 44 44 44 44 44 44 44 44 44 
44 44 44 35 6 6 6 6 6 36 44 44 44 44 44 44 34 6 29 6 6 6 6 6 6 6 6 14 17 26 27 29 27 27 29 6 6 6 6 39 44 44 44 44 44 44 44 44 44 44 
44 44 44 34 6 6 6 6 9 39 44 44 44 44 44 44 44 44 44 34 27 29 26 6 15 16 16 17 36 44 44 44 44 44 44 34 29 27 39 44 44 44 44 44 44 44 44 44 44 44 
44 44 44 44 44 34 29 39 44 44 44 44 44 44 44 44 44 44 44 44 44 44 44 34 29 26 29 27 39 44 44 44 44 44 44 44 44 44 44 44 44 44 44 44 44 44 44 44 44 44 
44 44 44 44 44 44 44 44 44 44 44 44 44 44 44 44 44 44 44 44 44 44 44 44 44 44 44 44 44 44 44 44 44 44 44 44 44 44 44 44 44 44 44 44 44 44 44 44 44 44 
